2     107 us  1
3     37 us  2
4     114 us  5
5     169 us  14
6     138 us  42
7     122 us  132
8     164 us  429
9     206 us  1430
10    633 us  4862
11    675 us  16796
12    740 us  58786
13    1054 us  208012
14    975 us  742900
15    1233 us  2674440
16    910 us  9694845
17    958 us  35357670
18    2030 us  129644790
19    1310 us  477638700
20    1538 us  1767263190
21    1771 us  6564120420
22    1953 us  24466267020
23    2408 us  91482563640
24    3637 us  343059613650
25    2631 us  1289904147324
26    2962 us  4861946401452
27    3488 us  18367353072152
28    4047 us  69533550916004
29    4003 us  263747951750360
30    4769 us  1002242216651368
31    5458 us  3814986502092304
32    4601 us  14544636039226909
33    6411 us  55534064877048198
34    9199 us  212336130412243110
35    6119 us  812944042149730764
36    6048 us  3116285494907301262
37    13460 us  11959798385860453492
38    8472 us  45950804324621742364
39    9119 us  176733862787006701400
40    8484 us  680425371729975800390
41    12059 us  2622127042276492108820
42    8711 us  10113918591637898134020
43    10545 us  39044429911904443959240
44    10833 us  150853479205085351660700
45    15915 us  583300119592996693088040
46    16406 us  2257117854077248073253720
47    13710 us  8740328711533173390046320
48    17314 us  33868773757191046886429490
49    16139 us  131327898242169365477991900
50    17505 us  509552245179617138054608572
51    19682 us  1978261657756160653623774456
52    18722 us  7684785670514316385230816156
53    17661 us  29869166945772625950142417512
54    21645 us  116157871455782434250553845880
55    21383 us  451959718027953471447609509424
56    31037 us  1759414616608818870992479875972
57    29756 us  6852456927844873497549658464312
58    27554 us  26700952856774851904245220912664
59    43635 us  104088460289122304033498318812080
60    31722 us  405944995127576985730643443367112
61    37343 us  1583850964596120042686772779038896
62    32654 us  6182127958584855650487080847216336
63    38028 us  24139737743045626825711458546273312
64    35858 us  94295850558771979787935384946380125
65    39414 us  368479169875816659479009042713546950
66    50167 us  1440418573150919668872489894243865350
67    44748 us  5632681584560312734993915705849145100
68    44796 us  22033725021956517463358552614056949950
69    42461 us  86218923998960285726185640663701108500
70    50842 us  337485502510215975556783793455058624700
71    56519 us  1321422108420282270489942177190229544600
72    66944 us  5175569924646105559418940193995065716350
73    60321 us  20276890389709399862928998568254641025700
74    65910 us  79463489365077377841208237632349268884500
75    82796 us  311496878311103321137536291518809134027240
76    71364 us  1221395654430378811828760722007962130791020
77    71506 us  4790408930363303911328386208394864461024520
78    75161 us  18793142726809884575211361279087545193250040
79    81436 us  73745243611532458459690151854647329239335600
80    82419 us  289450081175264899454283846029490767264392230
81    85928 us  1136359577947336271931632877004667456667613940
82    80128 us  4462290049988320482463241297506133183499654740
83    92882 us  17526585015616776834735140517915655636396234280
84    77047 us  68854441132780194707888052034668647142985206100
85    88399 us  270557451039395118028642463289168566420671280440
86    84707 us  1063353702922273835973036658043476458723103404520
87    85395 us  4180080073556524734514695828170907458428751314320
88    92635 us  16435314834665426797069144960762886143367590394940
89    97708 us  64633260585762914370496637486146181462681535261000
90    94701 us  254224158304000796523953440778841647086547372026600
91    114376 us  1000134600800354781929399250536541864362461089950800
92    112830 us  3935312233584004685417853572763349509774031680023800
93    115051 us  15487357822491889407128326963778343232013931127835600
94    111603 us  60960876535340415751462563580829648891969728907438000
95    123684 us  239993345518077005168915776623476723006280827488229600
96    106779 us  944973797977428207852605870454939596837230758234904050
97    120826 us  3721443204405954385563870541379246659709506697378694300
98    119529 us  14657929356129575437016877846657032761712954950899755100
99    123369 us  57743358069601357782187700608042856334020731624756611000
100   130507 us  227508830794229349661819540395688853956041682601541047340
101   145334 us  896519947090131496687170070074100632420837521538745909320
102   136821 us  3533343320884635898708258511468514257188006702535057407320
103   144001 us  13927547459020991989083038404429289207944958458536245702640
104   147168 us  54906677482678910726192747555923159377475316999998660943100
105   151647 us  216489185503133990863274261791925599831188392742851863147080
106   165662 us  853702637172735926234421145556838686126761775155774328259240
107   175690 us  3366939372774715522158184331074634818182181954352680060985040
108   171401 us  13280705303722489004068393750349948449496384375502238018329880
109   161155 us  52391773216519910749994580850004383791591241114366627044787600
110   177825 us  206709359781542193322705891717290023323187260396682873976707440
111   187741 us  815663960219058384462569194343901173113117297781505394610791520
112   163234 us  3218959557293069695825496284821467129607123621602012360874730820
113   190231 us  12704920022590345879098861442746675573493602966676969141151592440
114   367224 us  50151000089172417943811295168736877263790538026356457136124707000
115   265871 us  197987426438993719534698504405274280676181776208398535128701017200
116   250437 us  781708976802233823680102715669100177152510806064194216284009188600
117   266954 us  3086748267372923303762456877257472494397093952150920751480446539600
118   302248 us  12190039767760866606383939871203238833805472726290924323643119385200
119   352274 us  48145535217206784075634048230802707999063631776107012034556858076000
120   292175 us  190174864107966797098754490511670696596301345515622697536499589400200
121   292812 us  751269297881058917464501210451062751843240026086509499359064493663600
122   309847 us  2968129521136642608343357241290264314659358135849980153205484311031600
123   316262 us  11727731278637465915893265197293239487190634585553580117543620936271200
124   285856 us  46343454246228695957965322150594252812285572152590760141906244022362000
125   298492 us  183149331181095806425878953139148487114152581147038684080813476376374624
126   299985 us  723875928001473901587997767169015449070222106438295751367024692344718752
127   285601 us  2861304849265668492891140780463352404986232263244287143198790516197234752
128   312527 us  11311095732253345760960290897769189975961199415637572612957718759342193629
129   325905 us  44718285453094622775889522153971216184032648852520635911693306722980765510
130   332417 us  176809220945312585436978572208778500912252165463043129681618151197016257478
131   325722 us  699138751524213124094312216825551629561424593205010237977696200916445964684
132   326869 us  2764775971936660990736598311991954171447451800401631395639071339987763587614
133   335899 us  10934377152170553993439479038404269881062854488806451985760537780703486068308
134   349818 us  43247909631719355347185999181748231619129200590055369794426007640095877732860
135   365187 us  171069509209912116706646841207804116182333282333996796075729541331934805254424
136   387277 us  676730852609799402854235298307342753721289013938899090358400685563095038432942
137   376353 us  2677285562879644352897777603522480091364515660984549685943453807118230006063172
138   413532 us  10592738531393375483204250518284595144094388049982348757428447671641692632684724
139   424213 us  41913713613427025293254228669471419634905851996333034651695296542467129122133800
140   405359 us  165858552441704085803306019163479760555270300042632151407422816318048496669015180
141   443614 us  656376399024616169349253607753345435388942038466586811952779656067170646392272840
142   385058 us  2597771382055171036438595264488592497806939617029730903644099765561619037129981240
143   414833 us  10282088127575012633735978459444359117193900861809983856381541729425708916192792880
144   427327 us  40699932171651091675204914735300588172225857577997852764843602678976764459929805150
145   430552 us  161115593562260183597018076262500259385225118963936327496691227156776984827584194180
146   549099 us  637841185472509493966277041641953081675754238090104091048544721209706145413312768740
147   511202 us  2525330407789119221009341756704875466226455554887350891090156651320061065513932186440
148   561995 us  9998943371381242321023474793439574481139884832189105555262377011307809353994353116580
149   600859 us  39593131470570019928884900188787576804513637926117934749025519709205419589642069387800
